#-c -f /home/carlos/.ipython/profile_default/security/kernel-5dcd7d64-0e0d-4463-b648-70de6467a92f.json --matplotlib inline --IPKernelApp.parent_appname='ipython-notebook' --profile-dir /home/carlos/.ipython/profile_default --parent=1
# GMT Tue Nov 11 13:01:12 2014
# 
1 33 2 3 4 5 49 9 13 17
2 34 3 4 6 10 50 14 18
3 35 4 51 7 11 15 19
4 36 8 12 16 20 52
5 37 6 7 8 9 13 21 53
6 38 7 8 10 14 22 54
7 39 8 11 15 23 55
8 40 12 16 56 24
9 41 10 11 12 13 57 25
10 42 11 12 14 26 58
11 43 12 15 59 27
12 44 60 16 28
13 61 45 14 15 16 29
14 46 15 16 62 30
15 47 16 63 31
16 32 64 48
17 33 49 18 19 20 21 25 29
18 34 50 19 20 22 26 30
19 51 35 20 23 27 31
20 32 52 24 36 28
21 53 22 23 24 25 29 37
22 38 54 23 24 26 30
23 39 55 24 27 31
24 32 40 56 28
25 41 57 26 27 28 29
26 58 27 28 42 30
27 43 59 28 31
28 32 44 60
29 32 45 61 30 31
30 32 46 62 31
31 32 47 63
32 64 48
33 34 35 36 37 49 41 45
34 35 36 38 42 50 46
35 36 51 39 43 47
36 40 44 48 52
37 38 39 40 41 45 53
38 39 40 42 46 54
39 40 43 47 55
40 44 48 56
41 42 43 44 45 57
42 43 44 46 58
43 44 47 59
44 60 48
45 61 46 47 48
46 47 48 62
47 48 63
48 64
49 50 51 52 53 57 61
50 51 52 54 58 62
51 52 55 59 63
52 64 56 60
53 54 55 56 57 61
54 55 56 58 62
55 56 59 63
56 64 60
57 58 59 60 61
58 59 60 62
59 60 63
60 64
61 64 62 63
62 64 63
63 64
64
